Individuo 0:
[[-1  5  9 -1 -1 -1  5  4 -1 -1]
 [ 4  0  2 -1  7  0  2  0  1 -1]
 [ 6 -1 -1 -1  5  6 -1 -1 -1 -1]
 [ 3  4  3  8  2  8 -1 -1  4  8]
 [-1 -1 -1 -1  7 -1  9 -1 -1  6]]
Individuo 1:
[[-1 -1 -1  8  9  3 -1  6  0 -1]
 [-1 -1 -1  5 -1 -1  1 -1  1  8]
 [-1  8  2 -1  8 -1 -1  2  7  1]
 [-1 -1  0 -1  8 -1  9 -1 -1  5]
 [-1 -1  5 -1 -1 -1 -1 -1  8  8]]
Individuo 2:
[[-1  4  0 -1  6 -1  7  1  6  3]
 [ 9  5 -1  9 -1 -1  6  5 -1 -1]
 [-1  4  7 -1  5 -1  1  6 -1  0]
 [-1 -1 -1 -1  7  4  0 -1  7  3]
 [ 2 -1  1  1  0  7 -1  1  8  6]]
Individuo 3:
[[ 8 -1 -1  8  0 -1  3  9  3  8]
 [ 2 -1 -1 -1 -1 -1  5  9 -1  2]
 [-1  0  1  0 -1 -1 -1  6 -1  9]
 [-1  7 -1 -1  1  9 -1 -1 -1 -1]
 [ 6 -1  5  9  1  3 -1  3 -1  1]]
Individuo 4:
[[-1  5  0  4 -1  9 -1  6  0 -1]
 [-1 -1 -1  1  9  3 -1 -1  2  7]
 [-1 -1  8 -1 -1 -1  8 -1 -1  8]
 [ 1  3 -1 -1 -1 -1 -1 -1 -1  2]
 [ 7 -1  5  5 -1 -1 -1 -1 -1 -1]]
Individuo 5:
[[ 5 -1  3  1  7 -1  6  8 -1  1]
 [-1 -1 -1  0 -1 -1 -1 -1  5 -1]
 [-1  0 -1  8  6 -1  7 -1  4 -1]
 [-1  0 -1  9  6  6  7  2  5  0]
 [ 8 -1 -1 -1 -1  5  1  0 -1  5]]
Individuo 6:
[[ 1 -1  1 -1 -1 -1  5 -1  4  4]
 [-1  7  7 -1 -1  6  4 -1 -1 -1]
 [-1 -1  4 -1 -1 -1 -1 -1  0 -1]
 [-1  8  7  3  6 -1 -1 -1 -1  2]
 [-1 -1 -1  9 -1 -1 -1 -1  3 -1]]
Individuo 7:
[[-1  1 -1 -1 -1 -1  6  3  3 -1]
 [-1 -1 -1  0  4  0 -1  6  5 -1]
 [-1  9  9  1  5  6 -1 -1 -1  0]
 [-1 -1 -1  8 -1  5  9  4  4  8]
 [ 4  8  3 -1  5 -1 -1 -1 -1 -1]]
Individuo 8:
[[ 2 -1 -1 -1  8  1 -1 -1 -1  0]
 [ 7  1 -1 -1  9 -1  9 -1  7 -1]
 [-1  7 -1  1 -1  5  7 -1 -1 -1]
 [-1 -1 -1  5  9 -1 -1 -1 -1  5]
 [ 4  0  1  6  3 -1 -1 -1  4  4]]
Individuo 9:
[[-1  7 -1  0  6  6  7 -1 -1  8]
 [ 5  7  4  5 -1  3  6 -1  1  0]
 [-1  8  6 -1  0 -1 -1  1 -1  0]
 [-1 -1 -1 -1 -1 -1 -1  9  3 -1]
 [ 5  0  1 -1  0 -1 -1  0 -1 -1]]
Individuo 10:
[[-1  4 -1  9  4 -1 -1  7  9  8]
 [ 4 -1  4  9  9  7  3  1 -1  3]
 [ 4 -1  5  3  2  0  4  8  6 -1]
 [ 9 -1  3  5  5  2 -1  8  8 -1]
 [-1  1 -1 -1  6 -1  4 -1 -1 -1]]
Individuo 11:
[[-1 -1  5 -1  5  3 -1  5 -1  4]
 [-1  6  4  4  7  0  4 -1 -1  7]
 [-1 -1  6  1  3 -1 -1 -1  6  8]
 [-1 -1  2  0  8  7 -1  3  3 -1]
 [ 5 -1  3 -1 -1  8 -1  6  1 -1]]
Individuo 12:
[[-1 -1 -1 -1  5  5 -1  7 -1 -1]
 [ 0  8 -1 -1  2 -1  9  5  6 -1]
 [-1  3 -1 -1  0 -1  7 -1 -1 -1]
 [ 3  5  8 -1  0 -1 -1 -1  8 -1]
 [ 1 -1 -1  9  4 -1  4  1  8 -1]]
Individuo 13:
[[-1  6 -1 -1  1  9 -1 -1 -1  8]
 [ 5 -1  0 -1  1 -1 -1 -1  7  8]
 [-1 -1 -1  8  0  6  1  3 -1  2]
 [ 4 -1  7 -1  2  9  4  1  4  1]
 [-1 -1 -1  7 -1  8 -1 -1  3 -1]]
Individuo 14:
[[ 8  1 -1 -1 -1  8  3  4  8  1]
 [-1 -1  6  4  2 -1  0  7  3  9]
 [ 1  4 -1  9 -1 -1  1  3 -1  6]
 [-1  9 -1  2  6  4  0  2  7  8]
 [ 4  6  6 -1  1  1  7 -1  1 -1]]
Individuo 15:
[[ 1  1  8 -1 -1  5 -1 -1  2  6]
 [ 1  5 -1 -1  0  4 -1 -1 -1  1]
 [ 9  0 -1  1 -1 -1  8  1  2  6]
 [-1 -1  1 -1 -1 -1  4 -1  7  5]
 [-1  0  4 -1 -1 -1 -1  5  7  0]]
Individuo 16:
[[ 9  5  6  6 -1 -1  8  9  7  0]
 [ 0 -1 -1  0 -1  6 -1  8 -1 -1]
 [ 9  3  4  3  4  6 -1 -1 -1 -1]
 [-1  9  2 -1  1  3 -1 -1 -1 -1]
 [ 2  2 -1 -1  6 -1 -1 -1  1  7]]
Individuo 17:
[[ 5 -1 -1  1  6 -1 -1 -1  1  5]
 [ 6  4 -1  5 -1  6 -1 -1 -1 -1]
 [-1  6 -1 -1 -1  2 -1 -1  3 -1]
 [ 6  5  6 -1  7  4 -1 -1  5  8]
 [ 1  7 -1 -1 -1 -1  6 -1  8  0]]
Individuo 18:
[[-1  7  9 -1 -1 -1  4  2 -1 -1]
 [ 2  6 -1 -1 -1  4 -1 -1 -1  1]
 [ 9  3 -1  9 -1 -1  9  3  7 -1]
 [ 3 -1  4 -1  4 -1 -1 -1 -1  8]
 [ 2  3 -1 -1 -1  8 -1  8  3  6]]
Individuo 19:
[[-1  5 -1 -1 -1 -1 -1 -1  1  2]
 [ 9 -1  7 -1  5 -1 -1  3  5  0]
 [ 5 -1  3 -1 -1  7  0  4 -1 -1]
 [-1 -1 -1  9  1  6  2  0 -1  1]
 [ 4 -1  8  3 -1  3 -1  8  1 -1]]
Individuo 20:
[[ 4  3  6 -1 -1  8 -1  2  6  2]
 [-1  1 -1 -1 -1 -1  1 -1 -1 -1]
 [-1 -1 -1  6 -1  8 -1  0 -1 -1]
 [-1  0 -1 -1  0 -1 -1  0 -1 -1]
 [-1 -1 -1  5  2  5 -1 -1 -1 -1]]
Individuo 21:
[[-1  4  2  1  5 -1 -1 -1 -1 -1]
 [-1 -1  3 -1 -1 -1 -1  3  2 -1]
 [-1 -1  7 -1 -1  1 -1  2  0 -1]
 [-1  3  9  9  1 -1 -1  7 -1 -1]
 [-1  9  5 -1 -1  6 -1  7  4 -1]]
Individuo 22:
[[-1 -1 -1  3 -1  2 -1  1  1 -1]
 [ 2  0 -1  1 -1  8 -1 -1 -1 -1]
 [ 4  3 -1 -1  1  4 -1  7 -1  6]
 [ 1 -1  9  4 -1 -1  2  9  1  2]
 [-1  1  7 -1 -1  9  0 -1 -1 -1]]
Individuo 23:
[[ 5 -1  8  0  0 -1  0 -1 -1 -1]
 [-1 -1 -1  8 -1 -1 -1 -1  3 -1]
 [ 3  3 -1 -1 -1  8  0  8  3  3]
 [ 0  3 -1  3 -1  2  7  5 -1  0]
 [-1  4  9 -1  2  4 -1 -1  5 -1]]
Individuo 24:
[[ 0  7  3  5 -1 -1 -1  0  9 -1]
 [ 9 -1 -1  1 -1 -1 -1  4  3  6]
 [-1  8 -1 -1  6 -1  2  3  5  5]
 [ 6 -1  0 -1  9  9 -1  0  9 -1]
 [ 6  4  8  2  3  3  5  2 -1  3]]
Individuo 25:
[[-1 -1  4  8  4  1  5 -1  8 -1]
 [-1 -1 -1  1  1 -1 -1  8 -1 -1]
 [ 5 -1  6  0  4 -1  5 -1 -1 -1]
 [-1 -1 -1  8  4  3  8  9 -1 -1]
 [ 9  1 -1  9 -1  6  2  9 -1 -1]]
Individuo 26:
[[-1 -1 -1  2 -1 -1 -1 -1  0  8]
 [-1  8 -1 -1 -1 -1  8  6 -1  5]
 [ 0  0  0  4  1  3 -1 -1  4  6]
 [-1 -1 -1 -1 -1 -1 -1 -1  3  3]
 [-1  6  5  7  3  2  9  9  9 -1]]
Individuo 27:
[[ 1  6  7 -1 -1  6 -1 -1 -1  5]
 [-1  7 -1  3  4 -1 -1 -1  4  4]
 [-1 -1 -1 -1 -1  9  4 -1 -1  6]
 [ 3  6 -1 -1 -1  5  7  6 -1  8]
 [ 2 -1 -1 -1  0 -1  6  3  6 -1]]
Individuo 28:
[[-1 -1  6 -1 -1  3 -1  9  2  2]
 [ 8  5  1  3  0 -1 -1 -1 -1 -1]
 [-1 -1 -1  0  5  7  9 -1 -1  2]
 [ 1  3 -1  7 -1 -1 -1 -1  1 -1]
 [-1  8  7 -1  5 -1  4 -1  6  6]]
Individuo 29:
[[ 8 -1 -1 -1 -1 -1 -1  6  8 -1]
 [-1 -1  0  6 -1 -1  5  9 -1  5]
 [-1 -1  6  5 -1  9 -1  7  9 -1]
 [-1  5  3  4 -1  4  9 -1 -1 -1]
 [-1 -1 -1  1  9  7 -1  1  3  7]]
Individuo 30:
[[ 8 -1  6 -1  7 -1 -1 -1 -1 -1]
 [-1  2  5  6  8  0 -1  4  4  6]
 [-1 -1  1  2 -1 -1  9  5 -1 -1]
 [-1  6 -1 -1  2 -1  4 -1 -1 -1]
 [-1 -1 -1  6 -1 -1 -1  9  2  8]]
Individuo 31:
[[-1  1  0 -1 -1 -1  9 -1  1 -1]
 [-1 -1  7 -1  8  0 -1 -1 -1  6]
 [-1 -1  2  0  2  3  3 -1  1 -1]
 [ 8 -1 -1 -1  6 -1 -1  1  8 -1]
 [-1 -1 -1  0  7  4 -1 -1  5  2]]
Individuo 32:
[[-1 -1  8  1  7 -1 -1 -1 -1  0]
 [-1  4 -1  3 -1  1  0  2  0 -1]
 [-1 -1  4  4 -1  9 -1  6 -1 -1]
 [ 1 -1  1 -1  4 -1  4 -1  8  8]
 [ 7 -1  6 -1  8 -1  5 -1  6 -1]]
Individuo 33:
[[-1 -1 -1 -1 -1  9  7  8 -1 -1]
 [-1 -1  8 -1  8  4  9 -1  2 -1]
 [ 7  4 -1  1  1 -1  9  4  8 -1]
 [ 3 -1  2  5  6 -1 -1  0  9  3]
 [ 7 -1 -1  5  1  0  7 -1 -1 -1]]
Individuo 34:
[[ 1 -1  6  3 -1  7 -1 -1 -1 -1]
 [-1  5 -1 -1 -1 -1 -1  2 -1 -1]
 [-1 -1  4  0  8 -1  1  8  5 -1]
 [-1  6  8 -1 -1  5  1  5  8 -1]
 [ 4 -1  8  2 -1 -1 -1 -1 -1 -1]]
Individuo 35:
[[-1  0  5  5 -1  5  3  4  8  1]
 [ 7  6 -1 -1 -1 -1  1 -1  7 -1]
 [-1  2  6  6  7 -1 -1  9  9 -1]
 [-1 -1 -1  9 -1 -1  7 -1  4  5]
 [ 0 -1 -1 -1  6  6  8  7  4 -1]]
Individuo 36:
[[ 2  9 -1  9 -1  2 -1  3  1  1]
 [ 2  0 -1  4 -1  8 -1 -1 -1 -1]
 [-1 -1  1  1  9 -1  1 -1  3  6]
 [ 1  7 -1 -1  2 -1  3 -1 -1  9]
 [-1  5 -1  3 -1  0 -1  0 -1 -1]]
Individuo 37:
[[-1  3  2 -1 -1 -1  1 -1 -1  7]
 [ 1 -1 -1 -1  6  5 -1  0 -1 -1]
 [-1 -1 -1 -1 -1 -1 -1 -1  7  3]
 [-1 -1 -1  7 -1  8  0 -1 -1  3]
 [-1  1 -1  6 -1 -1  6  5  3 -1]]
Individuo 38:
[[ 9 -1  8  5  9 -1  3 -1 -1 -1]
 [ 1  4 -1  0 -1 -1  7  8  4 -1]
 [-1 -1 -1 -1  4 -1  1 -1 -1 -1]
 [ 2  7 -1  6 -1 -1 -1 -1 -1  3]
 [ 4  7  4  8  3 -1  9 -1 -1  4]]
Individuo 39:
[[ 7 -1 -1  2  5  4  4 -1 -1  2]
 [-1 -1 -1 -1  2  1  3  4  1 -1]
 [-1  4 -1 -1  5 -1 -1  3  0 -1]
 [-1  5  7  5  0  5 -1 -1  1  6]
 [ 8  1  1 -1 -1 -1  2 -1 -1 -1]]
Individuo 40:
[[-1  7 -1 -1  6  0 -1 -1  1 -1]
 [ 9 -1  8  0  2 -1 -1  5  9 -1]
 [-1  9 -1 -1 -1  8  3  2  5 -1]
 [ 7 -1 -1  3  8 -1 -1  1 -1 -1]
 [ 1  7  2  9 -1 -1 -1 -1 -1  4]]
Individuo 41:
[[-1  8  6 -1 -1  3 -1 -1  4  1]
 [ 2 -1  6 -1  8  6 -1  0 -1  6]
 [-1  7 -1 -1 -1  1 -1  0  3  5]
 [ 6 -1 -1 -1  6 -1  4  5 -1 -1]
 [ 0 -1  1 -1  5 -1  7  4  6 -1]]
Individuo 42:
[[ 1  8  9 -1  6  2 -1  9  0  6]
 [ 1  7 -1 -1  9  0  2  8 -1  7]
 [ 1 -1 -1 -1 -1  3 -1 -1 -1  5]
 [ 5 -1  4 -1  7 -1  1  3 -1  3]
 [-1 -1 -1 -1  2  5  0  8  0 -1]]
Individuo 43:
[[ 1 -1 -1 -1 -1 -1  3  5  8 -1]
 [-1 -1  9 -1  0 -1  9  3 -1 -1]
 [-1 -1 -1 -1  5  6 -1  8  6 -1]
 [ 2  4  4 -1 -1 -1 -1  2 -1 -1]
 [ 7 -1 -1 -1 -1 -1  3  4  3  8]]
Individuo 44:
[[ 4  7 -1  4 -1 -1 -1 -1 -1 -1]
 [ 8  8 -1  8  3  6 -1 -1 -1  1]
 [-1  0  0 -1  2  7  3  9  4  2]
 [ 4 -1  7 -1  1 -1  7  7 -1 -1]
 [-1  6  7  9  7 -1 -1  5 -1 -1]]
Individuo 45:
[[ 2 -1  6 -1 -1  0 -1  2 -1  0]
 [ 0 -1 -1 -1 -1  5  7  8  8 -1]
 [ 2 -1 -1  4 -1 -1  5  2 -1  1]
 [ 9 -1 -1 -1 -1  6  2 -1  6  6]
 [ 9  6  5 -1  3  1  6  6  8  8]]
Individuo 46:
[[-1  5 -1 -1  4  8  3  6 -1 -1]
 [ 9 -1 -1  7 -1 -1 -1  9  5 -1]
 [-1  8 -1  9 -1  6 -1 -1  7 -1]
 [-1  9 -1  2 -1 -1 -1  2  4 -1]
 [ 2  7  1 -1  7  2  4  8  8  9]]
Individuo 47:
[[ 6 -1  0 -1  6 -1  2 -1 -1  9]
 [ 3 -1  1 -1  5 -1 -1 -1 -1 -1]
 [-1  1  4  6 -1  8  9  8 -1 -1]
 [-1 -1 -1 -1 -1  7  7 -1 -1  0]
 [-1 -1  2 -1 -1 -1  0  3 -1 -1]]
Individuo 48:
[[ 2 -1 -1 -1  6 -1 -1 -1 -1 -1]
 [ 3 -1 -1  7  5  3 -1 -1  1 -1]
 [ 2 -1 -1  5  7  3  4  5 -1 -1]
 [ 1 -1  8 -1  1  8  2  4 -1  8]
 [ 8  0  9 -1  2  4 -1  5 -1 -1]]
Individuo 49:
[[ 2 -1 -1 -1 -1  1 -1  7  0  5]
 [-1  8  5 -1  7  6 -1  6  1  3]
 [-1 -1 -1 -1  3 -1 -1  6 -1  5]
 [-1  0 -1 -1 -1 -1  3 -1  3  2]
 [-1 -1 -1 -1 -1 -1  2 -1  9 -1]]
Componente 0:
Confiabilidade: 0.59366222
Custo: 20.11
Peso: 14.81

Componente 1:
Confiabilidade: 0.57979423
Custo: 15.69
Peso: 12.19

Componente 2:
Confiabilidade: 0.64505937
Custo: 19.95
Peso: 13.19

Componente 3:
Confiabilidade: 0.69664774
Custo: 17.42
Peso: 6.8

Componente 4:
Confiabilidade: 0.60532301
Custo: 19.56
Peso: 9.9

Componente 5:
Confiabilidade: 0.51365152
Custo: 18.94
Peso: 5.21

Componente 6:
Confiabilidade: 0.5242777
Custo: 2.5
Peso: 11.39

Componente 7:
Confiabilidade: 0.56732508
Custo: 15.77
Peso: 5.87

Componente 8:
Confiabilidade: 0.64223963
Custo: 24.54
Peso: 6.62

Componente 9:
Confiabilidade: 0.52937209
Custo: 14.39
Peso: 4.36

