Individuo 0:
[[-1  0 -1 -1  8  0  8 -1 -1  4]
 [-1 -1 -1 -1 -1  9  2  5 -1  1]
 [-1  4 -1  1  2 -1  0  0  4 -1]
 [-1  9  9 -1 -1 -1 -1  9 -1  8]
 [ 8 -1 -1  0  3 -1 -1  5 -1 -1]]
Individuo 1:
[[-1  5 -1  8 -1  3 -1 -1  1 -1]
 [ 2 -1 -1 -1  0 -1  2  5  0  7]
 [ 0  3 -1 -1  1  6  1  5  6 -1]
 [ 2  4 -1 -1 -1 -1 -1  7 -1 -1]
 [ 2  5 -1 -1 -1 -1 -1 -1 -1 -1]]
Individuo 2:
[[ 2 -1 -1 -1 -1  6 -1  0  7  8]
 [ 1 -1  5 -1  3 -1 -1 -1 -1 -1]
 [ 4  2  0 -1  2  5 -1 -1  6 -1]
 [ 4 -1  1 -1 -1 -1 -1 -1  9  9]
 [-1  5 -1 -1  5 -1 -1 -1 -1 -1]]
Individuo 3:
[[ 6  8 -1  6 -1  6  0 -1  1 -1]
 [-1  7 -1 -1 -1 -1  1  2  5  7]
 [-1 -1 -1  8 -1 -1 -1 -1 -1  5]
 [-1  5 -1 -1  0 -1  2  6 -1 -1]
 [ 7  4  7 -1  3  1  4 -1  4  7]]
Individuo 4:
[[-1  3 -1 -1 -1 -1  5 -1  1  8]
 [ 8 -1 -1 -1  7  0 -1  8 -1 -1]
 [-1  4 -1  9 -1 -1  5  0 -1 -1]
 [-1 -1 -1  3  0 -1 -1 -1  7  4]
 [ 4 -1 -1 -1 -1  0  5  7  7  0]]
Individuo 5:
[[ 2 -1  8 -1 -1 -1 -1  9  3  5]
 [ 8  9 -1 -1  3 -1  3  5 -1 -1]
 [-1  2  0 -1  1  4 -1 -1 -1 -1]
 [-1  4  8  0  9 -1 -1  8 -1  9]
 [-1 -1  5  2  3 -1  0 -1  9  4]]
Individuo 6:
[[-1 -1  7 -1  0  5  5 -1 -1  3]
 [ 1 -1  9 -1 -1  3 -1  3  1 -1]
 [-1 -1  1 -1  3 -1 -1 -1  3 -1]
 [ 6 -1  4  3 -1  7 -1  3 -1 -1]
 [-1  0  0  5  3  6 -1 -1  3  4]]
Individuo 7:
[[ 1  2  0  3 -1 -1 -1  0 -1 -1]
 [-1 -1  7 -1 -1  7  8  7  3  5]
 [-1  0 -1  1 -1  1  8 -1  2  6]
 [-1 -1 -1 -1 -1  4 -1 -1  8 -1]
 [-1  5 -1 -1 -1 -1  0  8 -1 -1]]
Individuo 8:
[[ 0 -1 -1  1 -1  9  8  6 -1  5]
 [ 3  8  3  9 -1 -1  4 -1 -1  8]
 [ 6 -1 -1 -1 -1  9  8  7  7 -1]
 [-1  1 -1 -1  5  6 -1 -1 -1 -1]
 [-1  6  0 -1 -1 -1 -1 -1  7  9]]
Individuo 9:
[[ 9  7  5 -1  1  6 -1  4 -1 -1]
 [ 1  0  9 -1  1  8 -1  8 -1  8]
 [-1  4  7  6  8  7 -1  9 -1 -1]
 [-1  4 -1 -1 -1 -1  3 -1  2  0]
 [ 5  9 -1 -1 -1  1 -1 -1 -1 -1]]
Individuo 10:
[[ 7  7 -1 -1  5  5  7 -1 -1  9]
 [ 4 -1  2 -1  7 -1 -1  4 -1  0]
 [ 1  8  6 -1  6 -1  3 -1  6 -1]
 [-1  1  5  7  7 -1  6 -1  0 -1]
 [ 2 -1  2  2  3  9 -1 -1  6  1]]
Individuo 11:
[[ 3 -1 -1 -1  3 -1  4 -1  7  3]
 [-1  4  2  7 -1 -1  1 -1  1 -1]
 [ 6  1 -1 -1 -1 -1 -1 -1  4  7]
 [-1  0  4  6 -1  0 -1  5  2  1]
 [-1  9 -1  2  7 -1  1  7  7 -1]]
Individuo 12:
[[-1 -1  0 -1  9 -1  3 -1 -1  5]
 [-1  1 -1  7  6 -1  3  7 -1 -1]
 [-1  8 -1  8  0 -1  2 -1  7 -1]
 [-1 -1 -1 -1 -1 -1  0  3 -1  9]
 [-1  6  9  6  1  7  5  1  3 -1]]
Individuo 13:
[[ 4 -1  0 -1 -1  5  7 -1 -1 -1]
 [ 7  8  7  4 -1  6 -1  8 -1 -1]
 [-1 -1 -1  4 -1  4 -1  6  8  4]
 [-1 -1  0 -1  1 -1  0  1  8  7]
 [ 7  9 -1 -1  8 -1  2 -1  0  0]]
Individuo 14:
[[-1 -1  1 -1 -1 -1 -1  6  2 -1]
 [ 9 -1  4  9 -1  9  1 -1 -1 -1]
 [-1 -1  0  1  0  1 -1 -1  1 -1]
 [ 0 -1 -1 -1 -1 -1  7 -1 -1 -1]
 [ 6 -1  3 -1 -1 -1 -1 -1 -1 -1]]
Individuo 15:
[[-1 -1 -1  5 -1  8  8  4  3 -1]
 [ 2 -1  0  2 -1 -1 -1 -1 -1 -1]
 [ 5  7  3 -1  1  7  7 -1 -1 -1]
 [ 8  4  4  2  9 -1  6  4  9 -1]
 [-1 -1 -1  8 -1 -1 -1  0 -1 -1]]
Individuo 16:
[[ 9  7 -1  1  1  4 -1 -1  5 -1]
 [-1 -1 -1  4  2  7  0  5  9 -1]
 [-1 -1 -1 -1 -1  9  5 -1  5  1]
 [-1 -1 -1  3  8  1 -1 -1 -1 -1]
 [ 8 -1 -1 -1 -1 -1 -1 -1  7  2]]
Individuo 17:
[[-1 -1 -1  5 -1 -1  3 -1 -1 -1]
 [ 5 -1 -1 -1 -1  8  1 -1  9 -1]
 [-1  1 -1 -1  4 -1 -1 -1  2  3]
 [-1 -1  8  3  3 -1  8 -1  3 -1]
 [ 9 -1  2 -1 -1 -1  2  0 -1 -1]]
Individuo 18:
[[-1 -1  6  9  9  7 -1  1  1  9]
 [ 6  7 -1  2  1  3  7 -1  1  8]
 [ 9  9  1 -1 -1 -1  1  7 -1 -1]
 [ 1 -1 -1  9 -1  1  7 -1 -1 -1]
 [-1 -1 -1  8  3  3 -1 -1 -1 -1]]
Individuo 19:
[[ 5 -1 -1 -1  0  3 -1  4 -1 -1]
 [ 4  4  4 -1  0 -1  5 -1  2  6]
 [ 8  1  0 -1  0  8  5 -1  8 -1]
 [ 4  2  3  3  4 -1 -1 -1 -1 -1]
 [ 6 -1 -1 -1  5  4  4 -1  5  3]]
Individuo 20:
[[ 9  9  1 -1  4 -1  5  0 -1 -1]
 [ 8  6  8 -1 -1  9  0  8  1  9]
 [ 1 -1  6 -1  1  2  8 -1 -1  9]
 [ 0  2  8  9 -1 -1 -1 -1 -1 -1]
 [-1  6 -1 -1  1  8  8  3 -1 -1]]
Individuo 21:
[[-1 -1 -1  3  2 -1  3  9 -1 -1]
 [-1 -1  9  5 -1  7  9  4 -1 -1]
 [ 2 -1  5  6 -1  4  8 -1 -1  1]
 [ 4  7 -1 -1 -1 -1  2  9  1  9]
 [-1  7 -1 -1 -1 -1 -1 -1  2  3]]
Individuo 22:
[[ 5  9  3  6 -1 -1 -1  5  5 -1]
 [-1 -1  7 -1 -1  5 -1  0  6 -1]
 [ 1 -1 -1  7  8  4  2 -1  8  6]
 [ 1  0  7  3 -1  5 -1  2 -1 -1]
 [ 0 -1  5 -1 -1  2 -1  8  8 -1]]
Individuo 23:
[[ 0  0 -1 -1 -1 -1 -1  5  8  4]
 [-1 -1  6 -1  4  1 -1  6  6 -1]
 [-1 -1  9 -1 -1 -1  5  2 -1  8]
 [-1  8 -1 -1 -1  3 -1 -1  2 -1]
 [-1  9  7  5 -1  6 -1 -1  5  6]]
Individuo 24:
[[-1 -1  3  5 -1 -1  2 -1  8  8]
 [ 1  7 -1  2 -1 -1 -1  3  3  5]
 [-1  4  4  4  6 -1  8 -1  9 -1]
 [-1 -1  0  4 -1  8  4  8 -1 -1]
 [-1  2 -1  7  5 -1  6  5 -1 -1]]
Individuo 25:
[[ 8  8 -1  9 -1 -1 -1  0  0 -1]
 [-1  6  1 -1  3 -1  8 -1 -1  5]
 [-1 -1  3  7  1 -1 -1 -1  6 -1]
 [ 9 -1  4  9  0 -1  0  6 -1  7]
 [ 6 -1  3 -1 -1 -1  3 -1 -1 -1]]
Individuo 26:
[[ 6  3 -1 -1 -1  2  3  3 -1  7]
 [-1 -1 -1 -1  7 -1 -1 -1 -1  8]
 [ 2 -1 -1 -1  9 -1  5 -1  2 -1]
 [ 5 -1  4 -1  7  3  9 -1  1 -1]
 [-1  2  6  1 -1  7 -1 -1  9 -1]]
Individuo 27:
[[-1  1 -1 -1  6  5 -1 -1 -1 -1]
 [-1  6 -1 -1 -1  5  2  8 -1  0]
 [ 4 -1  1 -1 -1 -1 -1 -1  4 -1]
 [ 8 -1 -1  3 -1 -1  8 -1  4 -1]
 [-1 -1 -1  5 -1  6  1 -1  6  6]]
Individuo 28:
[[ 8 -1  9  5 -1  1 -1 -1 -1  1]
 [ 3  0  2 -1  7  1 -1  6  8 -1]
 [-1 -1 -1 -1 -1  5 -1 -1 -1  5]
 [ 9 -1 -1 -1 -1  4 -1  7 -1 -1]
 [-1  0 -1  3 -1  2  8 -1 -1  9]]
Individuo 29:
[[-1  8 -1 -1 -1  8  4  7  9 -1]
 [ 7 -1  4  8 -1 -1  4  3 -1  4]
 [-1 -1 -1  7  9 -1  7  1 -1  9]
 [ 3 -1 -1  7  2  5 -1  4 -1  9]
 [ 5 -1 -1 -1  6 -1 -1  0 -1 -1]]
Individuo 30:
[[ 6  8 -1  4 -1 -1  5  2  3 -1]
 [ 8  7 -1 -1 -1 -1 -1  5 -1  5]
 [-1 -1  4  5  6  8 -1  3  3 -1]
 [-1 -1  9  6 -1 -1 -1  0  1 -1]
 [-1  4 -1  5  7  3 -1 -1 -1  1]]
Individuo 31:
[[ 9  6  1  2 -1 -1 -1 -1 -1 -1]
 [ 1  9  5 -1 -1  7 -1 -1 -1 -1]
 [ 7 -1 -1  7 -1 -1  6 -1  5  5]
 [ 9 -1 -1 -1  8 -1 -1 -1  0  7]
 [ 9  2  4  7  0 -1  2  2 -1 -1]]
Individuo 32:
[[ 2 -1  4 -1  3 -1 -1 -1  6 -1]
 [ 7  4  0 -1  3 -1  5  4 -1  4]
 [ 3  2  5 -1 -1 -1 -1 -1 -1  6]
 [ 1  6  5 -1  2 -1 -1  7 -1 -1]
 [-1 -1 -1  4  9 -1 -1  8 -1  5]]
Individuo 33:
[[ 9  5  7  9  5  9 -1  2  8 -1]
 [ 3 -1  3 -1 -1 -1 -1  9  3  1]
 [-1  6 -1  2  0 -1 -1 -1  5  1]
 [-1 -1  1 -1 -1  9  0  2  2 -1]
 [-1 -1  8 -1 -1 -1 -1 -1  5  4]]
Individuo 34:
[[-1 -1  7 -1  3 -1  5 -1  1  3]
 [ 9  6  0 -1  9 -1 -1  4 -1  9]
 [-1 -1 -1 -1  2 -1  7  7  1  9]
 [ 7  2 -1 -1  9  7 -1  9 -1  4]
 [-1 -1 -1 -1 -1 -1  8  4 -1  2]]
Individuo 35:
[[ 0  6  8  1 -1 -1 -1 -1 -1  9]
 [ 8  7  9 -1 -1  1  0  7  9  5]
 [ 4  0 -1 -1 -1 -1  4  9  8 -1]
 [ 1 -1 -1  7 -1 -1 -1 -1  1 -1]
 [ 4  4  0 -1  3  7 -1 -1 -1  9]]
Individuo 36:
[[ 6 -1  7 -1 -1  7  4 -1  2  4]
 [-1  9  2 -1  1  7  4 -1 -1 -1]
 [-1 -1 -1 -1 -1 -1 -1  6 -1  8]
 [ 6 -1 -1  8  3  3  2 -1  4 -1]
 [-1  1 -1 -1  4 -1  8  1 -1 -1]]
Individuo 37:
[[-1  5  2 -1 -1  1  4 -1  3 -1]
 [-1  9  8 -1  8  1  8  2 -1  6]
 [ 1  6 -1  0 -1 -1  0  3  8 -1]
 [-1  5  5 -1  3 -1 -1 -1  8  2]
 [ 6  5 -1 -1 -1 -1 -1 -1  5  5]]
Individuo 38:
[[-1 -1 -1  6  3  4 -1 -1  0 -1]
 [ 6 -1  5 -1 -1 -1 -1  8 -1 -1]
 [-1  5  3  3  0  8  1  2 -1 -1]
 [-1  6 -1  4  3 -1 -1  7 -1 -1]
 [ 7 -1  1  4  7  5  1  5 -1  3]]
Individuo 39:
[[ 4  3 -1 -1  0 -1 -1  5  3  5]
 [-1 -1  0 -1  7  0  6 -1  3 -1]
 [-1 -1  9 -1  8 -1 -1  3  7  2]
 [-1 -1 -1 -1 -1 -1  3  4  0 -1]
 [-1 -1 -1  7 -1  1  6  2 -1  6]]
Individuo 40:
[[ 2  4  8  8  9  5  3 -1  8 -1]
 [-1 -1 -1 -1 -1  9  9  5  0 -1]
 [ 4  1  5  4 -1  5  4  7 -1 -1]
 [-1 -1 -1 -1 -1  8  0  2  5  6]
 [ 8 -1 -1  4 -1 -1 -1  5 -1 -1]]
Individuo 41:
[[-1  6  6 -1  5  7 -1  6  6  6]
 [ 8  6 -1 -1 -1 -1 -1  9  5 -1]
 [ 0 -1 -1 -1  2 -1 -1 -1  2  3]
 [ 5  2 -1 -1  7 -1 -1  2  1  0]
 [-1  8  5  6 -1 -1  7 -1 -1 -1]]
Individuo 42:
[[ 8  4 -1 -1  3  2  2 -1  3 -1]
 [-1 -1 -1 -1 -1 -1  9  4 -1 -1]
 [-1  7  9  6  6  4 -1 -1 -1 -1]
 [-1 -1  7  2 -1 -1 -1 -1 -1 -1]
 [ 3  8  9  3  9 -1  5 -1  5 -1]]
Individuo 43:
[[ 9  6 -1  9 -1 -1  8  5 -1 -1]
 [ 3 -1  8 -1  4  8  3  5 -1 -1]
 [-1  0  0  3  9 -1 -1  3 -1  4]
 [-1 -1  8  8  3  1  3 -1  2 -1]
 [-1  5  5 -1  4 -1  7 -1 -1  6]]
Individuo 44:
[[-1 -1 -1 -1  5 -1 -1 -1 -1 -1]
 [ 9  8  5 -1 -1  7  6  9  9  1]
 [ 0  2  9  6  6 -1 -1 -1 -1 -1]
 [-1 -1 -1  9  1 -1 -1 -1 -1 -1]
 [ 0  2 -1 -1  7 -1 -1 -1 -1  1]]
Individuo 45:
[[-1 -1 -1  7  9  4 -1  2 -1 -1]
 [ 4 -1 -1  3  5 -1  8  2  1 -1]
 [-1 -1  5  9 -1  1 -1 -1 -1 -1]
 [-1  2  4  7  2 -1 -1  0 -1  8]
 [-1  7 -1  7  7 -1 -1 -1  9  6]]
Individuo 46:
[[-1  9  4  1 -1  3  0 -1  3  9]
 [ 3 -1 -1 -1 -1 -1  6 -1 -1  7]
 [-1 -1  7 -1 -1  3 -1  5 -1  2]
 [ 1 -1  2 -1  5 -1  5  1 -1 -1]
 [-1 -1  4 -1  8 -1  8 -1 -1  8]]
Individuo 47:
[[-1  6 -1 -1 -1  6 -1 -1 -1  6]
 [ 3 -1 -1  9  7  3 -1 -1  1  0]
 [ 0 -1 -1  1 -1  8 -1 -1  6  6]
 [-1 -1 -1  3 -1 -1  2  9  1 -1]
 [ 5 -1  3  6  9 -1 -1 -1  9  7]]
Individuo 48:
[[-1 -1 -1  5 -1 -1 -1  7 -1 -1]
 [-1 -1  6  6 -1  1 -1 -1  7 -1]
 [ 6  6 -1  2  4  6 -1  2 -1 -1]
 [-1 -1  8  0 -1  2 -1 -1 -1 -1]
 [ 5  0 -1  8  7 -1 -1  4  0  6]]
Individuo 49:
[[-1  6  7 -1 -1 -1  1  5 -1  9]
 [-1  9  3 -1  3 -1 -1  9 -1  6]
 [ 9 -1  3 -1  1  4  9  6  9 -1]
 [-1 -1 -1 -1  9  1 -1  8 -1  7]
 [ 6 -1 -1  1 -1  8  5 -1  0  8]]
Componente 0:
Confiabilidade: 0.55171233
Custo: 12.26
Peso: 14.7

Componente 1:
Confiabilidade: 0.64247234
Custo: 2.8
Peso: 10.3

Componente 2:
Confiabilidade: 0.54737068
Custo: 9.84
Peso: 13.83

Componente 3:
Confiabilidade: 0.51554803
Custo: 20.66
Peso: 1.19

Componente 4:
Confiabilidade: 0.67527904
Custo: 24.5
Peso: 11.58

Componente 5:
Confiabilidade: 0.65536618
Custo: 2.18
Peso: 12.39

Componente 6:
Confiabilidade: 0.56752569
Custo: 9.66
Peso: 11.73

Componente 7:
Confiabilidade: 0.69753916
Custo: 8.81
Peso: 3.3

Componente 8:
Confiabilidade: 0.69365365
Custo: 10.09
Peso: 8.91

Componente 9:
Confiabilidade: 0.69471571
Custo: 10.94
Peso: 4.4

